0.6310238354362337
0.6497156754948915
0.5291240145306119
0.2519120832528669
0.5323894994652938
0.5484720169159789
0.5171863071304905
0.5518254055364694
0.4578181630919632
0.3756000441928015
0.4020913023965256
0.3747276383815581
0.5643818002744239
0.42873569995127925
0.5870378109148965
0.6142599836783376
0.6280157186549051
0.6125434795593732
0.6168548967555061
0.6425177005347813
0.5100134912675267
0.5593419687496981
0.631718417427756
0.5013253877732442
0.4722763187230526
0.4447745377806733
0.36144757690138035
0.3935609983130292
0.3731486447544604
0.5170570346101224
0.5295256785712196
0.5672260466960253
0.626353179333335
0.589223882879797
0.7805724869863946
0.6915355490558571
0.8253308231614158
0.12996278142153966
-0.12996278142153964
-0.0028501597951258026
0.0016696817732010792
-0.12617335427488816
0.1295834449309662
0.4801474568809213
-0.20672157060173965
-0.3799950466928744
-0.310117447488946
0.19880739279730433
0.12756066890445014
-0.27448108279724687
-0.04092108787293668
-0.040934340121725706
0.26389892816366434
0.07942501846338544
0.08212396141568594
-0.08522194909430657
0.09911076862742493
0.09470701031548716
0.009483772323425938
0.07897811954924756
0.09100810966288389
-0.1335599418835942
-0.36506431382390914
0.21334976383187007
-0.004145461167905687
0.03550327569057577
0.10953852025949064
0.17321159259330007
-0.2134208970195335
-0.0335435898740126
0.015108761415102211
0.044049230501077626
0.22928354386599953
0.06357063221625975
-0.3470972829980934
0.14991261317757903
0.06563560512154286
0.12321703898951314